0.000000 -4.429856
0.010000 -4.432893
0.020000 -4.436191
0.030000 -4.440027
0.040000 -4.442878
0.050000 -4.446554
0.060000 -4.442316
0.070000 -4.444400
0.080000 -4.445840
0.090000 -4.447858
0.100000 -4.449875
0.110000 -4.451892
0.120000 -4.453910
0.130000 -4.455927
0.140000 -4.458426
0.150000 -4.460477
0.160000 -4.462528
0.170000 -4.464580
0.180000 -4.466631
0.190000 -4.468682
0.200000 -4.470734
0.210000 -4.472785
0.220000 -4.474837
0.230000 -4.476888
0.240000 -4.478940
0.250000 -4.480991
0.260000 -4.483043
0.270000 -4.485094
0.280000 -4.487146
0.290000 -4.489197
0.300000 -4.491249
0.310000 -4.492938
0.320000 -4.494979
0.330000 -4.497019
0.340000 -4.499059
0.350000 -4.501099
0.360000 -4.503139
0.370000 -4.505179
0.380000 -4.507219
0.390000 -4.509259
0.400000 -4.511299
0.410000 -4.512449
0.420000 -4.514467
0.430000 -4.516559
0.440000 -4.518579
0.450000 -4.520600
0.460000 -4.522620
0.470000 -4.524640
0.480000 -4.526660
0.490000 -4.528680
0.500000 -4.530700
0.510000 -4.532720
0.520000 -4.534740
0.530000 -4.536761
0.540000 -4.538781
0.550000 -4.540801
0.560000 -4.542821
0.570000 -4.544841
0.580000 -4.546861
0.590000 -4.548881
0.600000 -4.550902
0.610000 -4.552922
0.620000 -4.554942
0.630000 -4.556962
0.640000 -4.558982
0.650000 -4.561002
0.660000 -4.563022
0.670000 -4.565043
0.680000 -4.567063
0.690000 -4.569083
0.700000 -4.571103
0.710000 -4.572158
0.720000 -4.574165
0.730000 -4.576171
0.740000 -4.578178
0.750000 -4.580184
0.760000 -4.582191
0.770000 -4.584197
0.780000 -4.586203
0.790000 -4.588210
0.800000 -4.590216
0.810000 -4.592223
0.820000 -4.594229
0.830000 -4.596236
0.840000 -4.598242
0.850000 -4.600249
0.860000 -4.602255
0.870000 -4.604262
0.880000 -4.606268
0.890000 -4.608275
0.900000 -4.610281
0.910000 -4.612288
0.920000 -4.614294
0.930000 -4.616301
0.940000 -4.618307
0.950000 -4.620314
0.960000 -4.622320
0.970000 -4.624692
0.980000 -4.626703
0.990000 -4.628713
1.000000 -4.630723
1.010000 -4.632733
1.020000 -4.634744
1.030000 -4.636754
1.040000 -4.638764
1.050000 -4.640774
1.060000 -4.642785
1.070000 -4.644795
1.080000 -4.646805
1.090000 -4.648815
1.100000 -4.650826
1.110000 -4.652836
1.120000 -4.654846
1.130000 -4.656857
1.140000 -4.658867
1.150000 -4.660877
1.160000 -4.662887
1.170000 -4.664898
1.180000 -4.666908
1.190000 -4.668918
1.200000 -4.670928
1.210000 -4.672939
1.220000 -4.674949
1.230000 -4.676959
1.240000 -4.678970
1.250000 -4.680980
1.260000 -4.682990
1.270000 -4.685000
1.280000 -4.687011
1.290000 -4.689021
1.300000 -4.691031
1.310000 -4.693042
1.320000 -4.695052
1.330000 -4.697062
1.340000 -4.699072
1.350000 -4.701083
1.360000 -4.703093
1.370000 -4.705103
1.380000 -4.707113
1.390000 -4.709124
1.400000 -4.711134
1.410000 -4.713144
1.420000 -4.715155
1.430000 -4.717165
1.440000 -4.719175
1.450000 -4.721185
1.460000 -4.723196
1.470000 -4.725206
1.480000 -4.727216
1.490000 -4.729227
1.500000 -4.731237
1.510000 -4.733247
1.520000 -4.735257
1.530000 -4.737268
1.540000 -4.739278
1.550000 -4.741288
1.560000 -4.743299
1.570000 -4.745309
1.580000 -4.747319
1.590000 -4.749329
1.600000 -4.751340
1.610000 -4.753350
1.620000 -4.755360
1.630000 -4.757371
1.640000 -4.759381
1.650000 -4.761391
1.660000 -4.763402
1.670000 -4.765412
1.680000 -4.767422
1.690000 -4.769432
1.700000 -4.771443
1.710000 -4.773453
1.720000 -4.775463
1.730000 -4.777474
1.740000 -4.779484
1.750000 -4.781494
1.760000 -4.783504
1.770000 -4.785515
1.780000 -4.787525
1.790000 -4.789535
1.800000 -4.791546
1.810000 -4.793556
1.820000 -4.795566
1.830000 -4.797576
1.840000 -4.799587
1.850000 -4.801597
1.860000 -4.803607
1.870000 -4.805618
1.880000 -4.807628
1.890000 -4.809638
1.900000 -4.811649
1.910000 -4.813659
1.920000 -4.815669
1.930000 -4.817679
1.940000 -4.819690
1.950000 -4.821700
1.960000 -4.823710
1.970000 -4.825721
1.980000 -4.827731
1.990000 -4.829741
2.000000 -4.831751
2.010000 -4.833762
2.020000 -4.835772
2.030000 -4.837782
2.040000 -4.839793
2.050000 -4.841803
2.060000 -4.843813
2.070000 -4.845824
2.080000 -4.847834
2.090000 -4.849844
2.100000 -4.851854
2.110000 -4.853865
2.120000 -4.855875
2.130000 -4.857885
2.140000 -4.859896
2.150000 -4.861906
2.160000 -4.863916
2.170000 -4.865927
2.180000 -4.867937
2.190000 -4.869947
2.200000 -4.871957
2.210000 -4.873968
2.220000 -4.875978
2.230000 -4.877988
2.240000 -4.879999
2.250000 -4.882009
2.260000 -4.884019
2.270000 -4.886029
2.280000 -4.888040
2.290000 -4.890050
2.300000 -4.892060
2.310000 -4.894071
2.320000 -4.896081
2.330000 -4.898091
2.340000 -4.900102
2.350000 -4.902112
2.360000 -4.904122
2.370000 -4.906132
2.380000 -4.908143
2.390000 -4.910153
2.400000 -4.912163
2.410000 -4.914174
2.420000 -4.916184
2.430000 -4.918194
2.440000 -4.920205
2.450000 -4.922215
2.460000 -4.924225
2.470000 -4.926235
2.480000 -4.928246
2.490000 -4.930256
2.500000 -4.932266
2.510000 -4.934277
2.520000 -4.936287
2.530000 -4.938297
2.540000 -4.940308
2.550000 -4.942318
2.560000 -4.944328
2.570000 -4.946338
2.580000 -4.948349
2.590000 -4.950359
2.600000 -4.952369
2.610000 -4.954380
2.620000 -4.956390
2.630000 -4.958400
2.640000 -4.960411
2.650000 -4.962421
2.660000 -4.964431
2.670000 -4.966441
2.680000 -4.968452
2.690000 -4.970462
2.700000 -4.972472
2.710000 -4.974483
2.720000 -4.976493
2.730000 -4.978503
2.740000 -4.980514
2.750000 -4.982524
2.760000 -4.984534
2.770000 -4.986544
2.780000 -4.988555
2.790000 -4.990565
2.800000 -4.992575
2.810000 -4.994586
2.820000 -4.996596
2.830000 -4.998606
2.840000 -5.000617
2.850000 -5.002627
2.860000 -5.004637
2.870000 -5.006648
2.880000 -5.008658
2.890000 -5.010668
2.900000 -5.012678
2.910000 -5.014689
2.920000 -5.016699
2.930000 -5.018709
2.940000 -5.020720
2.950000 -5.022730
2.960000 -5.024740
2.970000 -5.026751
2.980000 -5.028761
2.990000 -5.030771
3.000000 -5.032781
