0.000000 0.178224
0.010000 0.187186
0.020000 0.196149
0.030000 0.205111
0.040000 0.214074
0.050000 0.223036
0.060000 0.231999
0.070000 0.240961
0.080000 0.249924
0.090000 0.258886
0.100000 0.267849
0.110000 0.276811
0.120000 0.285774
0.130000 0.294736
0.140000 0.303699
0.150000 0.312661
0.160000 0.321624
0.170000 0.330586
0.180000 0.339549
0.190000 0.348511
0.200000 0.357474
0.210000 0.366436
0.220000 0.375399
0.230000 0.384361
0.240000 0.393324
0.250000 0.402286
0.260000 0.411249
0.270000 0.420211
0.280000 0.429174
0.290000 0.438136
0.300000 0.447099
0.310000 0.456061
0.320000 0.465024
0.330000 0.473986
0.340000 0.482949
0.350000 0.491911
0.360000 0.500874
0.370000 0.509836
0.380000 0.518799
0.390000 0.527761
0.400000 0.536724
0.410000 0.545686
0.420000 0.554649
0.430000 0.563611
0.440000 0.572574
0.450000 0.581536
0.460000 0.590499
0.470000 0.599461
0.480000 0.608424
0.490000 0.617386
0.500000 0.626349
0.510000 0.635311
0.520000 0.644274
0.530000 0.653236
0.540000 0.662199
0.550000 0.671161
0.560000 0.680124
0.570000 0.689086
0.580000 0.698049
0.590000 0.707011
0.600000 0.715974
0.610000 0.724936
0.620000 0.733899
0.630000 0.742861
0.640000 0.751824
0.650000 0.760786
0.660000 0.769749
0.670000 0.778711
0.680000 0.787674
0.690000 0.796636
0.700000 0.805599
0.710000 0.814561
0.720000 0.823524
0.730000 0.832486
0.740000 0.841449
0.750000 0.850411
0.760000 0.859374
0.770000 0.868336
0.780000 0.877299
0.790000 0.886261
0.800000 0.895224
0.810000 0.904186
0.820000 0.913149
0.830000 0.922111
0.840000 0.931074
0.850000 0.940036
0.860000 0.948999
0.870000 0.957961
0.880000 0.966924
0.890000 0.975886
0.900000 0.984849
0.910000 0.993811
0.920000 1.002774
0.930000 1.011736
0.940000 1.020699
0.950000 1.029661
0.960000 1.038624
0.970000 1.047586
0.980000 1.056549
0.990000 1.065511
1.000000 1.074474
1.010000 1.083436
1.020000 1.092399
1.030000 1.101361
1.040000 1.110324
1.050000 1.119286
1.060000 1.128249
1.070000 1.137211
1.080000 1.146174
1.090000 1.155136
1.100000 1.164099
1.110000 1.173061
1.120000 1.182024
1.130000 1.190986
1.140000 1.199949
1.150000 1.208911
1.160000 1.217874
1.170000 1.226836
1.180000 1.235799
1.190000 1.244761
1.200000 1.253724
1.210000 1.262686
1.220000 1.271649
1.230000 1.280611
1.240000 1.289574
1.250000 1.298536
1.260000 1.307499
1.270000 1.316461
1.280000 1.325424
1.290000 1.334386
1.300000 1.343349
1.310000 1.352311
1.320000 1.361274
1.330000 1.370236
1.340000 1.379199
1.350000 1.388161
1.360000 1.397124
1.370000 1.406086
1.380000 1.415049
1.390000 1.424011
1.400000 1.432974
1.410000 1.441936
1.420000 1.450899
1.430000 1.459861
1.440000 1.468824
1.450000 1.477786
1.460000 1.486749
1.470000 1.495711
1.480000 1.504674
1.490000 1.513636
1.500000 1.522599
1.510000 1.531561
1.520000 1.540524
1.530000 1.549486
1.540000 1.558449
1.550000 1.567411
1.560000 1.576374
1.570000 1.585336
1.580000 1.594299
1.590000 1.603261
1.600000 1.612224
1.610000 1.621186
1.620000 1.630149
1.630000 1.639111
1.640000 1.648074
1.650000 1.657036
1.660000 1.665999
1.670000 1.674961
1.680000 1.683924
1.690000 1.692886
1.700000 1.701849
1.710000 1.710811
1.720000 1.719774
1.730000 1.728736
1.740000 1.737699
1.750000 1.746661
1.760000 1.755624
1.770000 1.764586
1.780000 1.773549
1.790000 1.782511
1.800000 1.791474
1.810000 1.800436
1.820000 1.809399
1.830000 1.818361
1.840000 1.827324
1.850000 1.836286
1.860000 1.845249
1.870000 1.854211
1.880000 1.863174
1.890000 1.872136
1.900000 1.881099
1.910000 1.890061
1.920000 1.899024
1.930000 1.907986
1.940000 1.916949
1.950000 1.925911
1.960000 1.934874
1.970000 1.943836
1.980000 1.952799
1.990000 1.961761
2.000000 1.970724
2.010000 1.979686
2.020000 1.988649
2.030000 1.997611
2.040000 2.006574
2.050000 2.015536
2.060000 2.024499
2.070000 2.033461
2.080000 2.042424
2.090000 2.051386
2.100000 2.060349
2.110000 2.069311
2.120000 2.078274
2.130000 2.087236
2.140000 2.096199
2.150000 2.105161
2.160000 2.114124
2.170000 2.123086
2.180000 2.132049
2.190000 2.141011
2.200000 2.149974
2.210000 2.158936
2.220000 2.167899
2.230000 2.176861
2.240000 2.185824
2.250000 2.194786
2.260000 2.203749
2.270000 2.212711
2.280000 2.221674
2.290000 2.230636
2.300000 2.239599
2.310000 2.248561
2.320000 2.257524
2.330000 2.266486
2.340000 2.275449
2.350000 2.284411
2.360000 2.293374
2.370000 2.302336
2.380000 2.311299
2.390000 2.320261
2.400000 2.329224
2.410000 2.338186
2.420000 2.347149
2.430000 2.356111
2.440000 2.365074
2.450000 2.374036
2.460000 2.382999
2.470000 2.391961
2.480000 2.400924
2.490000 2.409886
2.500000 2.418849
2.510000 2.427811
2.520000 2.436774
2.530000 2.445736
2.540000 2.454699
2.550000 2.463661
2.560000 2.472624
2.570000 2.481586
2.580000 2.490549
2.590000 2.499511
2.600000 2.508474
2.610000 2.517436
2.620000 2.526399
2.630000 2.535361
2.640000 2.544324
2.650000 2.553286
2.660000 2.562249
2.670000 2.571211
2.680000 2.580174
2.690000 2.589136
2.700000 2.598099
2.710000 2.607061
2.720000 2.616024
2.730000 2.624986
2.740000 2.633949
2.750000 2.642911
2.760000 2.651874
2.770000 2.660836
2.780000 2.669799
2.790000 2.678761
2.800000 2.687724
2.810000 2.696686
2.820000 2.705649
2.830000 2.714611
2.840000 2.723574
2.850000 2.732536
2.860000 2.741499
2.870000 2.750461
2.880000 2.759424
2.890000 2.768386
2.900000 2.777349
2.910000 2.786311
2.920000 2.795274
2.930000 2.804236
2.940000 2.813199
2.950000 2.822161
2.960000 2.831124
2.970000 2.840086
2.980000 2.849049
2.990000 2.858011
3.000000 2.866974
