0.000000 -4.429954
0.010000 -4.422880
0.020000 -4.416193
0.030000 -4.410038
0.040000 -4.402867
0.050000 -4.396548
0.060000 -4.382311
0.070000 -4.374395
0.080000 -4.365838
0.090000 -4.357855
0.100000 -4.349873
0.110000 -4.341890
0.120000 -4.333908
0.130000 -4.325925
0.140000 -4.318426
0.150000 -4.310478
0.160000 -4.302529
0.170000 -4.294580
0.180000 -4.286632
0.190000 -4.278683
0.200000 -4.270734
0.210000 -4.262786
0.220000 -4.254837
0.230000 -4.246889
0.240000 -4.238940
0.250000 -4.230992
0.260000 -4.223043
0.270000 -4.215095
0.280000 -4.207147
0.290000 -4.199198
0.300000 -4.191250
0.310000 -4.182939
0.320000 -4.174979
0.330000 -4.167019
0.340000 -4.159059
0.350000 -4.151099
0.360000 -4.143139
0.370000 -4.135179
0.380000 -4.127220
0.390000 -4.119260
0.400000 -4.111300
0.410000 -4.102448
0.420000 -4.094466
0.430000 -4.086559
0.440000 -4.078579
0.450000 -4.070600
0.460000 -4.062620
0.470000 -4.054640
0.480000 -4.046660
0.490000 -4.038680
0.500000 -4.030700
0.510000 -4.022720
0.520000 -4.014740
0.530000 -4.006761
0.540000 -3.998781
0.550000 -3.990801
0.560000 -3.982821
0.570000 -3.974841
0.580000 -3.966861
0.590000 -3.958881
0.600000 -3.950902
0.610000 -3.942922
0.620000 -3.934942
0.630000 -3.926962
0.640000 -3.918982
0.650000 -3.911002
0.660000 -3.903022
0.670000 -3.895043
0.680000 -3.887063
0.690000 -3.879083
0.700000 -3.871103
0.710000 -3.862158
0.720000 -3.854165
0.730000 -3.846171
0.740000 -3.838178
0.750000 -3.830184
0.760000 -3.822190
0.770000 -3.814197
0.780000 -3.806203
0.790000 -3.798210
0.800000 -3.790216
0.810000 -3.782223
0.820000 -3.774229
0.830000 -3.766236
0.840000 -3.758242
0.850000 -3.750249
0.860000 -3.742255
0.870000 -3.734262
0.880000 -3.726268
0.890000 -3.718275
0.900000 -3.710281
0.910000 -3.702288
0.920000 -3.694294
0.930000 -3.686301
0.940000 -3.678307
0.950000 -3.670314
0.960000 -3.662320
0.970000 -3.654692
0.980000 -3.646703
0.990000 -3.638713
1.000000 -3.630723
1.010000 -3.622733
1.020000 -3.614744
1.030000 -3.606754
1.040000 -3.598764
1.050000 -3.590774
1.060000 -3.582785
1.070000 -3.574795
1.080000 -3.566805
1.090000 -3.558816
1.100000 -3.550826
1.110000 -3.542836
1.120000 -3.534846
1.130000 -3.526857
1.140000 -3.518867
1.150000 -3.510877
1.160000 -3.502887
1.170000 -3.494898
1.180000 -3.486908
1.190000 -3.478918
1.200000 -3.470929
1.210000 -3.462939
1.220000 -3.454949
1.230000 -3.446959
1.240000 -3.438970
1.250000 -3.430980
1.260000 -3.422990
1.270000 -3.415000
1.280000 -3.407011
1.290000 -3.399021
1.300000 -3.391031
1.310000 -3.383042
1.320000 -3.375052
1.330000 -3.367062
1.340000 -3.359072
1.350000 -3.351083
1.360000 -3.343093
1.370000 -3.335103
1.380000 -3.327114
1.390000 -3.319124
1.400000 -3.311134
1.410000 -3.303144
1.420000 -3.295155
1.430000 -3.287165
1.440000 -3.279175
1.450000 -3.271186
1.460000 -3.263196
1.470000 -3.255206
1.480000 -3.247216
1.490000 -3.239227
1.500000 -3.231237
1.510000 -3.223247
1.520000 -3.215258
1.530000 -3.207268
1.540000 -3.199278
1.550000 -3.191288
1.560000 -3.183299
1.570000 -3.175309
1.580000 -3.167319
1.590000 -3.159330
1.600000 -3.151340
1.610000 -3.143350
1.620000 -3.135360
1.630000 -3.127371
1.640000 -3.119381
1.650000 -3.111391
1.660000 -3.103402
1.670000 -3.095412
1.680000 -3.087422
1.690000 -3.079432
1.700000 -3.071443
1.710000 -3.063453
1.720000 -3.055463
1.730000 -3.047474
1.740000 -3.039484
1.750000 -3.031494
1.760000 -3.023504
1.770000 -3.015515
1.780000 -3.007525
1.790000 -2.999535
1.800000 -2.991546
1.810000 -2.983556
1.820000 -2.975566
1.830000 -2.967577
1.840000 -2.959587
1.850000 -2.951597
1.860000 -2.943607
1.870000 -2.935618
1.880000 -2.927628
1.890000 -2.919638
1.900000 -2.911649
1.910000 -2.903659
1.920000 -2.895669
1.930000 -2.887679
1.940000 -2.879690
1.950000 -2.871700
1.960000 -2.863710
1.970000 -2.855721
1.980000 -2.847731
1.990000 -2.839741
2.000000 -2.831752
2.010000 -2.823762
2.020000 -2.815772
2.030000 -2.807782
2.040000 -2.799793
2.050000 -2.791803
2.060000 -2.783813
2.070000 -2.775824
2.080000 -2.767834
2.090000 -2.759844
2.100000 -2.751855
2.110000 -2.743865
2.120000 -2.735875
2.130000 -2.727885
2.140000 -2.719896
2.150000 -2.711906
2.160000 -2.703916
2.170000 -2.695927
2.180000 -2.687937
2.190000 -2.679947
2.200000 -2.671957
2.210000 -2.663968
2.220000 -2.655978
2.230000 -2.647988
2.240000 -2.639999
2.250000 -2.632009
2.260000 -2.624019
2.270000 -2.616030
2.280000 -2.608040
2.290000 -2.600050
2.300000 -2.592060
2.310000 -2.584071
2.320000 -2.576081
2.330000 -2.568091
2.340000 -2.560102
2.350000 -2.552112
2.360000 -2.544122
2.370000 -2.536133
2.380000 -2.528143
2.390000 -2.520153
2.400000 -2.512163
2.410000 -2.504174
2.420000 -2.496184
2.430000 -2.488194
2.440000 -2.480205
2.450000 -2.472215
2.460000 -2.464225
2.470000 -2.456236
2.480000 -2.448246
2.490000 -2.440256
2.500000 -2.432266
2.510000 -2.424277
2.520000 -2.416287
2.530000 -2.408297
2.540000 -2.400308
2.550000 -2.392318
2.560000 -2.384328
2.570000 -2.376339
2.580000 -2.368349
2.590000 -2.360359
2.600000 -2.352369
2.610000 -2.344380
2.620000 -2.336390
2.630000 -2.328400
2.640000 -2.320411
2.650000 -2.312421
2.660000 -2.304431
2.670000 -2.296442
2.680000 -2.288452
2.690000 -2.280462
2.700000 -2.272472
2.710000 -2.264483
2.720000 -2.256493
2.730000 -2.248503
2.740000 -2.240514
2.750000 -2.232524
2.760000 -2.224534
2.770000 -2.216545
2.780000 -2.208555
2.790000 -2.200565
2.800000 -2.192575
2.810000 -2.184586
2.820000 -2.176596
2.830000 -2.168606
2.840000 -2.160617
2.850000 -2.152627
2.860000 -2.144637
2.870000 -2.136648
2.880000 -2.128658
2.890000 -2.120668
2.900000 -2.112678
2.910000 -2.104689
2.920000 -2.096699
2.930000 -2.088709
2.940000 -2.080720
2.950000 -2.072730
2.960000 -2.064740
2.970000 -2.056751
2.980000 -2.048761
2.990000 -2.040771
3.000000 -2.032782
