0.000000 0.178224
0.010000 0.187239
0.020000 0.196178
0.030000 0.205141
0.040000 0.214346
0.050000 0.223008
0.060000 0.231728
0.070000 0.241014
0.080000 0.249953
0.090000 0.259158
0.100000 0.267849
0.110000 0.277083
0.120000 0.285803
0.130000 0.295008
0.140000 0.303971
0.150000 0.312933
0.160000 0.321896
0.170000 0.330586
0.180000 0.339549
0.190000 0.348513
0.200000 0.357746
0.210000 0.366708
0.220000 0.375428
0.230000 0.384391
0.240000 0.393295
0.250000 0.402288
0.260000 0.411249
0.270000 0.420211
0.280000 0.429196
0.290000 0.438158
0.300000 0.447128
0.310000 0.456098
0.320000 0.465296
0.330000 0.473923
0.340000 0.482949
0.350000 0.491641
0.360000 0.500935
0.370000 0.510108
0.380000 0.519071
0.390000 0.527761
0.400000 0.536753
0.410000 0.545623
0.420000 0.554710
0.430000 0.563673
0.440000 0.572846
0.450000 0.581589
0.460000 0.590521
0.470000 0.599733
0.480000 0.608446
0.490000 0.617658
0.500000 0.626349
0.510000 0.635041
0.520000 0.644211
0.530000 0.653273
0.540000 0.662221
0.550000 0.671434
0.560000 0.680061
0.570000 0.689359
0.580000 0.698049
0.590000 0.706948
0.600000 0.715911
0.610000 0.725209
0.620000 0.733899
0.630000 0.743134
0.640000 0.751761
0.650000 0.760848
0.660000 0.769810
0.670000 0.778712
0.680000 0.787735
0.690000 0.796573
0.700000 0.805535
0.710000 0.814583
0.720000 0.823460
0.730000 0.832486
0.740000 0.841510
0.750000 0.850411
0.760000 0.859278
0.770000 0.868305
0.780000 0.877267
0.790000 0.886352
0.800000 0.895192
0.810000 0.904459
0.820000 0.913085
0.830000 0.922048
0.840000 0.931165
0.850000 0.940067
0.860000 0.949271
0.870000 0.957992
0.880000 0.966924
0.890000 0.975855
0.900000 0.984785
0.910000 0.993780
0.920000 1.002742
0.930000 1.011736
0.940000 1.020635
0.950000 1.029722
0.960000 1.038655
0.970000 1.047647
0.980000 1.056549
0.990000 1.065511
1.000000 1.074474
1.010000 1.083436
1.020000 1.092367
1.030000 1.101392
1.040000 1.110324
1.050000 1.119255
1.060000 1.128249
1.070000 1.137211
1.080000 1.146142
1.090000 1.155073
1.100000 1.164129
1.110000 1.173122
1.120000 1.182027
1.130000 1.190986
1.140000 1.200009
1.150000 1.208911
1.160000 1.217874
1.170000 1.226867
1.180000 1.235814
1.190000 1.244777
1.200000 1.253735
1.210000 1.262671
1.220000 1.271664
1.230000 1.280642
1.240000 1.289574
1.250000 1.298505
1.260000 1.307467
1.270000 1.316446
1.280000 1.325424
1.290000 1.334371
1.300000 1.343364
1.310000 1.352327
1.320000 1.361258
1.330000 1.370236
1.340000 1.379183
1.350000 1.388177
1.360000 1.397108
1.370000 1.406071
1.380000 1.415056
1.390000 1.424017
1.400000 1.432997
1.410000 1.441952
1.420000 1.450899
1.430000 1.459861
1.440000 1.468824
1.450000 1.477794
1.460000 1.486749
1.470000 1.495711
1.480000 1.504674
1.490000 1.513636
1.500000 1.522591
1.510000 1.531553
1.520000 1.540524
1.530000 1.549486
1.540000 1.558449
1.550000 1.567427
1.560000 1.576366
1.570000 1.585340
1.580000 1.594303
1.590000 1.603253
1.600000 1.612228
1.610000 1.621194
1.620000 1.630137
1.630000 1.639123
1.640000 1.648078
1.650000 1.657036
1.660000 1.665999
1.670000 1.674965
1.680000 1.683924
1.690000 1.692892
1.700000 1.701845
1.710000 1.710807
1.720000 1.719776
1.730000 1.728738
1.740000 1.737701
1.750000 1.746661
1.760000 1.755628
1.770000 1.764588
1.780000 1.773550
1.790000 1.782512
1.800000 1.791474
1.810000 1.800437
1.820000 1.809401
1.830000 1.818360
1.840000 1.827323
1.850000 1.836286
1.860000 1.845250
1.870000 1.854212
1.880000 1.863173
1.890000 1.872136
1.900000 1.881098
1.910000 1.890061
1.920000 1.899023
1.930000 1.907986
1.940000 1.916949
1.950000 1.925911
1.960000 1.934874
1.970000 1.943836
1.980000 1.970724
1.990000 1.970724
2.000000 1.970724
2.010000 1.970724
2.020000 1.970724
2.030000 1.997611
2.040000 2.006574
2.050000 2.015536
2.060000 2.024499
2.070000 2.033461
2.080000 2.042424
2.090000 2.051386
2.100000 2.060349
2.110000 2.069311
2.120000 2.078273
2.130000 2.087236
2.140000 2.096200
2.150000 2.105162
2.160000 2.114123
2.170000 2.123085
2.180000 2.132050
2.190000 2.141011
2.200000 2.149971
2.210000 2.158936
2.220000 2.167899
2.230000 2.176859
2.240000 2.185824
2.250000 2.194786
2.260000 2.203747
2.270000 2.212709
2.280000 2.221682
2.290000 2.230636
2.300000 2.239601
2.310000 2.248557
2.320000 2.257528
2.330000 2.266482
2.340000 2.275457
2.350000 2.284419
2.360000 2.293366
2.370000 2.302328
2.380000 2.311295
2.390000 2.320261
2.400000 2.329228
2.410000 2.338186
2.420000 2.347141
2.430000 2.356107
2.440000 2.365078
2.450000 2.374036
2.460000 2.382991
2.470000 2.391961
2.480000 2.400924
2.490000 2.409871
2.500000 2.418841
2.510000 2.427803
2.520000 2.436758
2.530000 2.445736
2.540000 2.454699
2.550000 2.463669
2.560000 2.472608
2.570000 2.481586
2.580000 2.490541
2.590000 2.499496
2.600000 2.508466
2.610000 2.517436
2.620000 2.526391
2.630000 2.535346
2.640000 2.544324
2.650000 2.553256
2.660000 2.562218
2.670000 2.571211
2.680000 2.580158
2.690000 2.589136
2.700000 2.598068
2.710000 2.607046
2.720000 2.616039
2.730000 2.624986
2.740000 2.633980
2.750000 2.642927
2.760000 2.651874
2.770000 2.660852
2.780000 2.669799
2.790000 2.678761
2.800000 2.687739
2.810000 2.696702
2.820000 2.705696
2.830000 2.714596
2.840000 2.723574
2.850000 2.732568
2.860000 2.741468
2.870000 2.750461
2.880000 2.759408
2.890000 2.768386
2.900000 2.777349
2.910000 2.786343
2.920000 2.795305
2.930000 2.804236
2.940000 2.813168
2.950000 2.822130
2.960000 2.831124
2.970000 2.839996
2.980000 2.849018
2.990000 2.858075
3.000000 2.866943
